852 1000
341 524
477 719
823 32
161 233
752 314
752 169
752 652
164 504
752 605
209 682
234 338
170 81
286 484
164 821
752 145
851 702
520 598
72 356
752 365
543 659
752 499
164 63
301 463
698 360
164 295
158 424
164 529
179 288
752 18
434 840
291 197
164 66
752 384
564 731
183 576
752 662
752 528
164 300
643 142
752 261
654 478
614 463
752 685
164 396
559 852
752 272
600 834
447 446
164 573
752 509
752 526
557 698
799 812
432 635
112 39
418 738
752 835
752 172
820 5
752 282
752 171
94 386
257 631
752 490
752 466
420 306
164 207
761 348
263 600
164 588
164 355
164 783
164 748
694 101
164 818
267 25
752 721
164 732
752 370
723 296
269 497
752 476
164 106
164 623
599 352
413 680
448 766
752 831
752 182
164 585
668 714
164 514
752 724
752 817
579 659
40 267
33 80
167 477
437 161
667 413
128 667
756 389
477 793
364 70
752 162
164 15
663 264
275 447
752 597
752 214
598 703
752 343
598 493
170 90
752 294
493 22
752 256
233 697
164 84
752 210
358 834
752 438
752 521
327 364
288 257
164 653
752 647
402 629
580 488
666 174
197 683
164 734
227 58
497 217
440 221
43 719
752 204
752 461
752 236
164 472
752 322
167 122
164 626
23 97
543 196
164 583
742 186
164 208
164 194
206 100
601 47
752 16
164 443
90 702
752 111
561 576
262 301
752 6
598 614
532 31
164 307
446 33
577 309
164 845
40 358
91 729
752 814
164 570
127 567
752 527
752 673
593 807
193 22
446 308
164 767
752 735
656 550
752 247
379 694
752 468
164 558
136 702
752 644
164 679
164 429
752 627
752 804
76 801
752 173
164 222
752 59
584 593
164 215
335 402
376 518
301 361
420 25
752 733
752 56
164 415
164 124
32 235
1 329
784 531
531 668
716 660
80 446
752 695
286 792
752 254
752 850
752 326
164 638
164 706
752 232
350 642
752 228
164 650
351 702
43 47
752 246
164 462
94 386
813 238
752 175
752 572
752 113
752 693
740 196
752 664
752 768
760 477
275 447
827 463
752 132
800 796
752 617
67 367
752 426
43 793
439 763
262 301
164 359
164 755
164 140
447 447
164 419
164 844
545 1
827 22
155 351
164 777
752 199
828 321
23 819
532 31
628 789
43 819
752 675
752 805
164 736
484 532
752 566
164 519
752 201
752 772
164 138
164 414
309 454
813 238
184 561
383 553
164 449
485 292
164 491
752 843
164 586
164 503
164 328
752 795
803 822
164 453
752 404
39 696
19 830
345 420
425 427
110 578
752 704
516 431
352 740
341 361
714 826
598 193
752 582
669 291
752 722
752 423
345 386
98 110
752 9
752 460
89 398
465 656
164 594
164 190
786 274
710 2
167 43
142 335
752 166
218 742
308 220
416 808
164 73
205 645
308 308
657 670
49 489
752 85
752 469
23 212
276 179
217 584
164 591
752 441
702 532
702 659
270 541
164 776
164 751
420 183
840 448
700 639
682 243
752 273
752 150
612 481
752 305
46 382
164 445
164 369
23 241
164 746
420 614
344 10
639 377
808 68
752 470
481 219
752 842
752 511
203 87
152 49
520 386
703 665
454 538
752 810
752 536
10 112
164 260
155 851
542 395
752 603
740 122
164 709
353 477
164 121
164 501
752 574
186 103
752 847
164 363
752 349
70 297
851 760
424 324
164 625
420 561
164 165
635 439
164 381
164 391
520 184
164 105
459 67
752 677
164 464
174 833
348 216
599 351
164 283
752 790
785 46
752 107
164 708
830 234
792 477
726 545
196 719
752 725
752 21
599 500
308 80
752 287
752 50
164 436
827 576
167 813
578 803
683 203
553 411
164 534
164 451
752 148
42 813
752 609
752 473
781 249
852 98
611 661
752 571
120 611
90 702
796 564
24 157
164 35
196 819
752 741
752 406
164 482
599 352
164 57
507 399
275 275
599 96
478 72
164 678
752 544
752 590
826 143
477 238
164 774
264 823
164 630
119 800
399 559
352 760
164 156
127 267
164 555
54 425
275 220
164 130
167 23
599 786
170 136
306 22
702 601
164 224
263 386
629 330
43 97
752 421
164 757
284 718
752 727
157 507
164 405
477 754
164 848
267 306
68 434
522 14
164 95
164 752
752 841
263 184
729 64
80 308
33 220
661 577
752 750
8 265
308 33
752 595
164 556
164 109
164 648
752 213
164 773
164 280
164 253
14 123
338 159
417 268
275 308
488 628
195 393
94 600
752 347
164 640
53 600
58 313
286 543
752 403
337 495
703 180
502 669
164 771
646 666
752 602
164 48
752 787
598 827
143 816
846 100
752 298
155 206
670 557
752 471
164 562
164 312
759 3
164 392
561 576
713 700
164 189
752 160
752 271
792 813
164 563
196 819
164 409
164 412
330 54
164 45
164 621
164 569
164 458
752 12
752 78
798 350
518 778
752 27
752 320
493 801
752 782
94 358
164 266
752 26
301 688
752 512
608 828
752 346
752 483
752 494
164 38
832 820
164 610
290 646
164 34
292 432
65 304
752 99
836 691
164 551
579 659
517 798
752 77
599 206
752 474
164 686
164 540
493 180
267 703
164 133
752 622
752 690
659 212
196 241
766 762
447 446
164 187
80 275
452 576
164 575
164 672
506 375
164 315
500 715
219 780
164 69
164 30
164 684
752 61
23 47
164 115
752 649
164 154
164 457
538 612
752 134
356 505
452 463
164 86
541 24
164 849
752 102
221 317
718 89
792 477
3 357
101 634
752 758
779 745
452 665
164 770
2 546
447 275
752 775
752 467
532 212
658 8
81 42
351 484
752 651
351 274
164 302
377 128
164 229
354 567
752 592
393 459
306 524
752 510
389 158
579 813
765 96
164 788
417 276
579 122
752 144
752 515
80 275
80 80
752 809
164 791
164 181
752 689
752 29
87 657
745 761
752 92
752 231
164 137
354 420
822 337
765 352
155 206
170 352
252 19
607 211
752 336
752 728
164 82
752 285
164 824
715 477
304 465
164 525
427 218
164 839
164 245
220 220
164 118
40 598
324 506
164 176
752 596
164 737
752 655
599 500
164 163
168 723
447 80
164 239
360 205
164 487
164 568
738 799
431 65
164 380
164 44
123 658
752 620
752 797
354 262
600 76
164 747
164 104
243 440
164 430
80 80
660 376
164 552
159 91
177 598
711 580
164 749
40 598
90 484
193 801
500 100
447 308
752 496
599 786
420 561
164 242
505 139
164 637
816 284
164 198
164 633
452 180
164 83
752 368
752 433
351 740
164 146
164 744
164 480
164 407
752 387
220 446
164 36
164 185
206 760
752 135
164 17
164 52
752 149
752 674
164 147
752 13
659 47
267 183
450 542
752 533
752 486
715 659
752 442
164 223
40 600
645 785
164 456
164 279
696 401
752 339
752 565
752 554
752 560
752 539
164 632
170 206
631 152
760 43
164 475
634 616
164 422
164 815
806 269
614 180
752 371
164 342
752 362
164 385
164 114
752 374
752 153
752 93
211 726
164 4
752 51
616 716
103 74
274 23
164 373
752 248
752 117
164 237
164 310
401 252
752 258
235 784
164 535
752 636
341 361
833 643
786 42
164 75
752 129
249 663
513 516
786 740
599 352
164 55
752 428
306 576
546 781
752 141
127 600
184 301
762 711
752 289
703 180
752 604
164 492
752 71
268 756
164 60
484 122
752 699
164 671
164 794
177 598
23 719
532 819
395 641
420 76
367 779
321 344
752 41
136 792
567 301
164 333
164 802
752 331
164 587
164 332
5 108
752 838
164 88
345 184
752 11
164 707
37 209
752 400
752 293
752 323
489 195
164 240
80 308
25 22
447 275
752 259
164 408
139 227
752 319
164 479
411 290
164 589
275 446
715 23
550 251
164 372
752 523
164 829
659 793
325 806
752 244
752 277
752 549
452 688
100 122
778 713
357 418
598 301
807 513
752 303
500 792
164 764
752 202
164 131
579 477
375 327
752 753
763 836
752 366
164 530
164 624
265 383
598 193
164 230
262 703
752 825
752 837
164 537
752 769
484 43
548 759
164 340
164 394
313 325
691 37
108 710
752 79
642 654
446 446
752 281
94 262
752 311
752 278
96 484
164 178
164 388
164 498
164 299
599 846
398 450
752 226
164 192
780 437
680 522
789 607
164 687
155 81
116 184
251 168
752 435
164 126
164 692
164 618
33 447
317 270
164 681
697 416
752 250
164 581
752 318
43 47
164 125
164 739
164 619
752 701
752 615
846 740
447 275
164 455
792 659
752 378
297 120
752 606
567 301
599 352
765 136
164 676
752 151
164 720
164 390
765 786
752 730
752 613
296 502
792 532
752 225
216 379
329 832
164 62
598 561
23 241
164 508
164 191
703 688
164 717
752 397
495 119
641 517
74 485
752 547
484 23
164 811
64 548
33 220
752 316
752 7
740 43
752 712
164 200
731 608
164 20
752 705
345 600
752 743
834 688
164 410
155 851
598 306
164 255
164 444
