33
1 2
    2 4
        4 10
            10 11
                11 12
                    12 13
    2 5
        5 14
            14 15
                15 16
                    16 18
                        18 24
                            24 25
                                25 26
                    16 17
                        17 27
                            27 28
    2 6
        6 19
            19 29
                29 20
        6 21
            21 30
                30 31
                    31 32
                        32 33
1 3
    3 22
    3 7
        7 8
            8 9
                9 23
