1 4 500
1 2
1 4
2 2
1 4
3 2
1 4
4 2
1 4
5 2
1 4
6 2
1 4
7 2
1 4
8 2
1 4
9 2
1 4
10 2
1 4
11 2
1 4
12 2
1 4
13 2
1 4
14 2
1 4
15 2
1 4
16 2
1 4
17 2
1 4
18 2
1 4
19 2
1 4
20 2
1 4
21 2
1 4
22 2
1 4
23 2
1 4
24 2
1 4
25 2
1 4
26 2
1 4
27 2
1 4
28 2
1 4
29 2
1 4
30 2
1 4
31 2
1 4
32 2
1 4
33 2
1 4
34 2
1 4
35 2
1 4
36 2
1 4
37 2
1 4
38 2
1 4
39 2
1 4
40 2
1 4
41 2
1 4
42 2
1 4
43 2
1 4
44 2
1 4
45 2
1 4
46 2
1 4
47 2
1 4
48 2
1 4
49 2
1 4
50 2
1 4
51 2
1 4
52 2
1 4
53 2
1 4
54 2
1 4
55 2
1 4
56 2
1 4
57 2
1 4
58 2
1 4
59 2
1 4
60 2
1 4
61 2
1 4
62 2
1 4
63 2
1 4
64 2
1 4
65 2
1 4
66 2
1 4
67 2
1 4
68 2
1 4
69 2
1 4
70 2
1 4
71 2
1 4
72 2
1 4
73 2
1 4
74 2
1 4
75 2
1 4
76 2
1 4
77 2
1 4
78 2
1 4
79 2
1 4
80 2
1 4
81 2
1 4
82 2
1 4
83 2
1 4
84 2
1 4
85 2
1 4
86 2
1 4
87 2
1 4
88 2
1 4
89 2
1 4
90 2
1 4
91 2
1 4
92 2
1 4
93 2
1 4
94 2
1 4
95 2
1 4
96 2
1 4
97 2
1 4
98 2
1 4
99 2
1 4
100 2
1 4
101 2
1 4
102 2
1 4
103 2
1 4
104 2
1 4
105 2
1 4
106 2
1 4
107 2
1 4
108 2
1 4
109 2
1 4
110 2
1 4
111 2
1 4
112 2
1 4
113 2
1 4
114 2
1 4
115 2
1 4
116 2
1 4
117 2
1 4
118 2
1 4
119 2
1 4
120 2
1 4
121 2
1 4
122 2
1 4
123 2
1 4
124 2
1 4
125 2
1 4
126 2
1 4
127 2
1 4
128 2
1 4
129 2
1 4
130 2
1 4
131 2
1 4
132 2
1 4
133 2
1 4
134 2
1 4
135 2
1 4
136 2
1 4
137 2
1 4
138 2
1 4
139 2
1 4
140 2
1 4
141 2
1 4
142 2
1 4
143 2
1 4
144 2
1 4
145 2
1 4
146 2
1 4
147 2
1 4
148 2
1 4
149 2
1 4
150 2
1 4
151 2
1 4
152 2
1 4
153 2
1 4
154 2
1 4
155 2
1 4
156 2
1 4
157 2
1 4
158 2
1 4
159 2
1 4
160 2
1 4
161 2
1 4
162 2
1 4
163 2
1 4
164 2
1 4
165 2
1 4
166 2
1 4
167 2
1 4
168 2
1 4
169 2
1 4
170 2
1 4
171 2
1 4
172 2
1 4
173 2
1 4
174 2
1 4
175 2
1 4
176 2
1 4
177 2
1 4
178 2
1 4
179 2
1 4
180 2
1 4
181 2
1 4
182 2
1 4
183 2
1 4
184 2
1 4
185 2
1 4
186 2
1 4
187 2
1 4
188 2
1 4
189 2
1 4
190 2
1 4
191 2
1 4
192 2
1 4
193 2
1 4
194 2
1 4
195 2
1 4
196 2
1 4
197 2
1 4
198 2
1 4
199 2
1 4
200 2
1 4
201 2
1 4
202 2
1 4
203 2
1 4
204 2
1 4
205 2
1 4
206 2
1 4
207 2
1 4
208 2
1 4
209 2
1 4
210 2
1 4
211 2
1 4
212 2
1 4
213 2
1 4
214 2
1 4
215 2
1 4
216 2
1 4
217 2
1 4
218 2
1 4
219 2
1 4
220 2
1 4
221 2
1 4
222 2
1 4
223 2
1 4
224 2
1 4
225 2
1 4
226 2
1 4
227 2
1 4
228 2
1 4
229 2
1 4
230 2
1 4
231 2
1 4
232 2
1 4
233 2
1 4
234 2
1 4
235 2
1 4
236 2
1 4
237 2
1 4
238 2
1 4
239 2
1 4
240 2
1 4
241 2
1 4
242 2
1 4
243 2
1 4
244 2
1 4
245 2
1 4
246 2
1 4
247 2
1 4
248 2
1 4
249 2
1 4
250 2
1 4
251 2
1 4
252 2
1 4
253 2
1 4
254 2
1 4
255 2
1 4
256 2
1 4
257 2
1 4
258 2
1 4
259 2
1 4
260 2
1 4
261 2
1 4
262 2
1 4
263 2
1 4
264 2
1 4
265 2
1 4
266 2
1 4
267 2
1 4
268 2
1 4
269 2
1 4
270 2
1 4
271 2
1 4
272 2
1 4
273 2
1 4
274 2
1 4
275 2
1 4
276 2
1 4
277 2
1 4
278 2
1 4
279 2
1 4
280 2
1 4
281 2
1 4
282 2
1 4
283 2
1 4
284 2
1 4
285 2
1 4
286 2
1 4
287 2
1 4
288 2
1 4
289 2
1 4
290 2
1 4
291 2
1 4
292 2
1 4
293 2
1 4
294 2
1 4
295 2
1 4
296 2
1 4
297 2
1 4
298 2
1 4
299 2
1 4
300 2
1 4
301 2
1 4
302 2
1 4
303 2
1 4
304 2
1 4
305 2
1 4
306 2
1 4
307 2
1 4
308 2
1 4
309 2
1 4
310 2
1 4
311 2
1 4
312 2
1 4
313 2
1 4
314 2
1 4
315 2
1 4
316 2
1 4
317 2
1 4
318 2
1 4
319 2
1 4
320 2
1 4
321 2
1 4
322 2
1 4
323 2
1 4
324 2
1 4
325 2
1 4
326 2
1 4
327 2
1 4
328 2
1 4
329 2
1 4
330 2
1 4
331 2
1 4
332 2
1 4
333 2
1 4
334 2
1 4
335 2
1 4
336 2
1 4
337 2
1 4
338 2
1 4
339 2
1 4
340 2
1 4
341 2
1 4
342 2
1 4
343 2
1 4
344 2
1 4
345 2
1 4
346 2
1 4
347 2
1 4
348 2
1 4
349 2
1 4
350 2
1 4
351 2
1 4
352 2
1 4
353 2
1 4
354 2
1 4
355 2
1 4
356 2
1 4
357 2
1 4
358 2
1 4
359 2
1 4
360 2
1 4
361 2
1 4
362 2
1 4
363 2
1 4
364 2
1 4
365 2
1 4
366 2
1 4
367 2
1 4
368 2
1 4
369 2
1 4
370 2
1 4
371 2
1 4
372 2
1 4
373 2
1 4
374 2
1 4
375 2
1 4
376 2
1 4
377 2
1 4
378 2
1 4
379 2
1 4
380 2
1 4
381 2
1 4
382 2
1 4
383 2
1 4
384 2
1 4
385 2
1 4
386 2
1 4
387 2
1 4
388 2
1 4
389 2
1 4
390 2
1 4
391 2
1 4
392 2
1 4
393 2
1 4
394 2
1 4
395 2
1 4
396 2
1 4
397 2
1 4
398 2
1 4
399 2
1 4
400 2
1 4
401 2
1 4
402 2
1 4
403 2
1 4
404 2
1 4
405 2
1 4
406 2
1 4
407 2
1 4
408 2
1 4
409 2
1 4
410 2
1 4
411 2
1 4
412 2
1 4
413 2
1 4
414 2
1 4
415 2
1 4
416 2
1 4
417 2
1 4
418 2
1 4
419 2
1 4
420 2
1 4
421 2
1 4
422 2
1 4
423 2
1 4
424 2
1 4
425 2
1 4
426 2
1 4
427 2
1 4
428 2
1 4
429 2
1 4
430 2
1 4
431 2
1 4
432 2
1 4
433 2
1 4
434 2
1 4
435 2
1 4
436 2
1 4
437 2
1 4
438 2
1 4
439 2
1 4
440 2
1 4
441 2
1 4
442 2
1 4
443 2
1 4
444 2
1 4
445 2
1 4
446 2
1 4
447 2
1 4
448 2
1 4
449 2
1 4
450 2
1 4
451 2
1 4
452 2
1 4
453 2
1 4
454 2
1 4
455 2
1 4
456 2
1 4
457 2
1 4
458 2
1 4
459 2
1 4
460 2
1 4
461 2
1 4
462 2
1 4
463 2
1 4
464 2
1 4
465 2
1 4
466 2
1 4
467 2
1 4
468 2
1 4
469 2
1 4
470 2
1 4
471 2
1 4
472 2
1 4
473 2
1 4
474 2
1 4
475 2
1 4
476 2
1 4
477 2
1 4
478 2
1 4
479 2
1 4
480 2
1 4
481 2
1 4
482 2
1 4
483 2
1 4
484 2
1 4
485 2
1 4
486 2
1 4
487 2
1 4
488 2
1 4
489 2
1 4
490 2
1 4
491 2
1 4
492 2
1 4
493 2
1 4
494 2
1 4
495 2
1 4
496 2
1 4
497 2
1 4
498 2
1 4
499 2
1 4
500 2
1 4
